6525.00000000001  0.9917957
6525.40760868788  1.002635
6525.81521737576  1.020194
6526.22282606364  1.028135
6526.63043475152  1.015576
6527.0380434394  1.002229
6527.44565212727  0.9959767
6527.85326081515  0.9982891
6528.26086950303  1.001001
6528.6684781909  1.023503
6529.07608687878  1.018966
6529.48369556666  0.9920482
6529.89130425454  1.022175
6530.29891294242  1.029195
6530.70652163029  0.9841424
6531.11413031817  0.9955417
6531.52173900605  1.005724
6531.92934769393  0.9857194
6532.3369563818  0.979086
6532.74456506968  0.9840673
6533.15217375756  0.9896005
6533.55978244544  0.973982
6533.96739113332  0.9627191
6534.37499982119  0.9853801
6534.78260850907  1.000538
6535.19021719695  0.9995167
6535.59782588483  0.9957214
6536.0054345727  0.9947743
6536.41304326058  0.9831759
6536.82065194846  0.9755448
6537.22826063634  0.9906886
6537.63586932421  1.014039
6538.04347801209  1.007467
6538.45108669997  1.005072
6538.85869538785  1.01775
6539.26630407572  1.0144
6539.6739127636  1.013366
6540.08152145148  1.00503
6540.48913013936  1.013486
6540.89673882723  1.009751
6541.30434751511  1.001471
6541.71195620299  0.9971861
6542.11956489087  0.9825193
6542.52717357875  0.9889662
6542.93478226662  1.004608
6543.3423909545  0.9912942
6543.74999964238  0.970101
6544.15760833026  0.9808503
6544.56521701813  1.012935
6544.97282570601  1.031736
6545.38043439389  1.027391
6545.78804308177  1.017555
6546.19565176965  1.020535
6546.60326045752  1.030051
6547.0108691454  1.019016
6547.41847783328  1.01322
6547.82608652116  1.003892
6548.23369520903  0.9838335
6548.64130389691  0.9952624
6549.04891258479  1.006552
6549.45652127267  1.010321
6549.86412996055  1.040657
6550.27173864842  1.053018
6550.6793473363  1.055781
6551.08695602418  1.0754
6551.49456471205  1.094549
6551.90217339993  1.104873
6552.30978208781  1.11662
6552.71739077569  1.135451
6553.12499946357  1.179102
6553.53260815144  1.227045
6553.94021683932  1.247236
6554.3478255272  1.262597
6554.75543421508  1.30597
6555.16304290295  1.38037
6555.57065159083  1.453721
6555.97826027871  1.51287
6556.38586896659  1.588292
6556.79347765446  1.675701
6557.20108634234  1.811388
6557.60869503022  1.994023
6558.0163037181  2.137815
6558.42391240597  2.300468
6558.83152109385  2.567872
6559.23912978173  2.853983
6559.64673846961  3.15327
6560.05434715749  3.397923
6560.46195584536  3.5396
6560.86956453324  3.519574
6561.27717322112  3.263782
6561.684781909  2.771687
6562.09239059687  2.088217
6562.49999928475  1.30642
6562.90760797263  0.7084533
6563.31521666051  0.4989515
6563.72282534838  0.7288774
6564.13043403626  1.305954
6564.53804272414  2.018868
6564.94565141202  2.696061
6565.35326009989  3.175044
6565.76086878777  3.422543
6566.16847747565  3.473491
6566.57608616353  3.314317
6566.98369485141  3.050397
6567.39130353928  2.715121
6567.79891222716  2.404628
6568.20652091504  2.146874
6568.61412960292  1.913878
6569.02173829079  1.727058
6569.42934697867  1.611425
6569.83695566655  1.488239
6570.24456435443  1.395168
6570.6521730423  1.34984
6571.05978173018  1.283965
6571.46739041806  1.218621
6571.87499910594  1.179896
6572.28260779382  1.17727
6572.69021648169  1.168673
6573.09782516957  1.122983
6573.50543385745  1.073029
6573.91304254533  1.057274
6574.3206512332  1.034269
6574.72825992108  1.011251
6575.13586860896  1.010788
6575.54347729684  1.024572
6575.95108598472  1.019971
6576.35869467259  1.006467
6576.76630336047  1.011081
6577.17391204835  0.9945794
6577.58152073622  0.9804918
6577.9891294241  0.9808866
6578.39673811198  1.013714
6578.80434679986  1.012814
6579.21195548773  1.006719
6579.61956417561  1.006782
6580.02717286349  1.006924
6580.43478155137  0.9787582
6580.84239023925  0.9814229
6581.24999892712  1.002364
6581.657607615  1.001232
6582.06521630288  1.006102
6582.47282499076  1.004544
6582.88043367863  0.9935883
6583.28804236651  0.9897717
6583.69565105439  0.997778
6584.10325974227  1.001214
6584.51086843014  1.014161
6584.91847711802  1.013051
6585.3260858059  1.005657
6585.73369449378  0.9891183
6586.14130318166  0.9790076
6586.54891186953  0.9765845
6586.95652055741  0.9813362
6587.36412924529  0.9829356
6587.77173793317  0.9979463
6588.17934662104  1.028855
6588.58695530892  1.021069
6588.9945639968  0.9952006
6589.40217268468  1.016849
6589.80978137255  1.016091
6590.21739006043  1.007944
6590.62499874831  0.9996876
6591.03260743619  1.005095
6591.44021612407  0.9958259
6591.84782481194  0.9835855
6592.25543349982  0.9917068
6592.6630421877  1.009607
6593.07065087558  1.011865
6593.47825956345  0.9818823
6593.88586825133  0.9862268
6594.29347693921  1.009112
6594.70108562709  1.007692
6595.10869431496  0.9964978
6595.51630300284  0.9919638
6595.92391169072  0.9954225
6596.3315203786  0.9961808
6596.73912906647  1.009924
6597.14673775435  1.003398
6597.55434644223  0.9882454
6597.96195513011  1.004779
6598.36956381799  1.007562
6598.77717250586  1.001887
6599.18478119374  1.016343
6599.59238988162  0.9863364
6599.9999985695  0.9863364
